Transfer line to the 150MeV KURRI FFAG                                                                                                         
 'OBJET'                                                                                                      1                     
1839.090113  150MeV                                                                                                                 
8                                                                                                                                   
  0 40 0                      IY IZ IX                                                                                                      
 0.00000000E+00   0.00000000E+00   0.00000000E+00   0.00000000E+00   0.00000000E+00   2.61391401E-01
 0.14000000E+01  2.650E-01    4.427849E-06
 -0.8670E+00  3.250E-01    4.427849E-06 
0.   0.   0.                                                                                                                        
                                                                                                                                    
'PARTICUL'                                                                                                         2                
938.272  1.602176487D-19  0. 0. 0.                                                                                                  
   'MULTIPOL'                  DRIFT 1                                                       
   2                                                                                                   
  62.0e+00  5.0e+00  0.00000001   0. 0. 0. 0. 0. 0. 0. 0. 0.                                
  0. 0.  1.00 1.00 1.00 1.00 1.00 1. 1. 1. 1.                                                              
  4  .1455   2.2670  -.6395  1.1558  0. 0.  0.                                                              
  0. 0.  1.00 1.00 1.00 1.00 1.00 1. 1. 1. 1.                                                              
  4  .1455   2.2670  -.6395  1.1558  0. 0.  0.                                                              
  0.  0.  0.  0.  0.  0.  0.00e+00  0.00e+00  0.00e+00  0.00e+00                                           
  1.                                                                                                       
  1  0.00e+00  0.00e+00  0.00e+00                                                                                                                                
 'QUADRUPO'                 Q1                                  
  2                                                                                                                                 
 50.  5.  -0.3094209267          Length, R0, B0                                                                                       
 0.0  0.                LAMBDA(ZGOUBI) = 2*RADIUS(RAYTRACE) <=> CHP FUIT ID.                                                      
 6  .1122 6.2671 -1.4982 3.5882 -2.1209 1.723                                                                                       
 0.0  0.                                                                                                                          
 6  .1122 6.2671 -1.4982 3.5882 -2.1209 1.723                                                                                       
 1.                                                                                                                                 
 1 0. 0. 0.                                                                                                                         
  'MULTIPOL'                  DRIFT  2                                                      
   2                                                                                                   
  25.0e+00  5.0e+00  0.00000001   0. 0. 0. 0. 0. 0. 0. 0. 0.                                
  0. 0.  1.00 1.00 1.00 1.00 1.00 1. 1. 1. 1.                                                              
  4  .1455   2.2670  -.6395  1.1558  0. 0.  0.                                                              
  0. 0.  1.00 1.00 1.00 1.00 1.00 1. 1. 1. 1.                                                              
  4  .1455   2.2670  -.6395  1.1558  0. 0.  0.                                                              
  0.  0.  0.  0.  0.  0.  0.00e+00  0.00e+00  0.00e+00  0.00e+00                                           
  1.                                                                                                       
  1  0.00e+00  0.00e+00  0.00e+00                                                                                                                          
 'QUADRUPO'                 Q2                  
  2                                                                                                                                 
 50.  5.  0.4711591026          Length, R0, B0                                                                                        
 0.00  0.                LAMBDA(ZGOUBI) = 2*RADIUS(RAYTRACE) <=> CHP FUIT ID.                                                      
 6  .1122 6.2671 -1.4982 3.5882 -2.1209 1.723                                                                                       
 0.00  0.                                                                                                                          
 6  .1122 6.2671 -1.4982 3.5882 -2.1209 1.723                                                                                       
 1.                                                                                                                                 
 1 0. 0. 0.                                                                                                                         
  'MULTIPOL'                  DRIFT  3                                                     
   2                                                                                                   
  176.0e+00  5.0e+00  0.00000001   0. 0. 0. 0. 0. 0. 0. 0. 0.                                
  0. 0.  1.00 1.00 1.00 1.00 1.00 1. 1. 1. 1.                                                              
  4  .1455   2.2670  -.6395  1.1558  0. 0.  0.                                                              
  0. 0.  1.00 1.00 1.00 1.00 1.00 1. 1. 1. 1.                                                              
  4  .1455   2.2670  -.6395  1.1558  0. 0.  0.                                                              
  0.  0.  0.  0.  0.  0.  0.00e+00  0.00e+00  0.00e+00  0.00e+00                                           
  1.                                                                                                       
  1  0.00e+00  0.00e+00  0.00e+00                                                                                                                               
 'QUADRUPO'                 Q3                              
  2                                                                                                                                 
 50.  5.  -0.2130017661          Length, R0, B0                                                                                      
 0.00  0.                LAMBDA(ZGOUBI) = 2*RADIUS(RAYTRACE) <=> CHP FUIT ID.                                                      
 6  .1122 6.2671 -1.4982 3.5882 -2.1209 1.723                                                                                       
 0.00  0.                                                                                                                          
 6  .1122 6.2671 -1.4982 3.5882 -2.1209 1.723                                                                                       
 1.                                                                                                                                 
 1 0. 0. 0.                                                                                                                         
   'MULTIPOL'                  DRIFT 4                                                      
   2                                                                                                   
  507.0e+00  5.0e+00  0.00000001   0. 0. 0. 0. 0. 0. 0. 0. 0.                                
  0. 0.  1.00 1.00 1.00 1.00 1.00 1. 1. 1. 1.                                                              
  4  .1455   2.2670  -.6395  1.1558  0. 0.  0.                                                              
  0. 0.  1.00 1.00 1.00 1.00 1.00 1. 1. 1. 1.                                                              
  4  .1455   2.2670  -.6395  1.1558  0. 0.  0.                                                              
  0.  0.  0.  0.  0.  0.  0.00e+00  0.00e+00  0.00e+00  0.00e+00                                           
  1.                                                                                                       
  1  0.00e+00  0.00e+00  0.00e+00                                                                                                                            
 'QUADRUPO'                 Q4                                                                                                      
  2                                                                                                                                 
 50.  5.  0.1261446059          Length, R0, B0                                                                                       
 0.00  0.                LAMBDA(ZGOUBI) = 2*RADIUS(RAYTRACE) <=> CHP FUIT ID.                                                      
 6  .1122 6.2671 -1.4982 3.5882 -2.1209 1.723                                                                                       
 0.0   0.                                                                                                                         
 6  .1122 6.2671 -1.4982 3.5882 -2.1209 1.723                                                                                       
 1.                                                                                                                                 
 1 0. 0. 0.                                                                                                                           
  'MULTIPOL'                  DRIFT 5                                                     
   2                                                                                                   
  502.0e+00  5.0e+00  0.00000001   0. 0. 0. 0. 0. 0. 0. 0. 0.                                
  0. 0.  1.00 1.00 1.00 1.00 1.00 1. 1. 1. 1.                                                              
  4  .1455   2.2670  -.6395  1.1558  0. 0.  0.                                                              
  0. 0.  1.00 1.00 1.00 1.00 1.00 1. 1. 1. 1.                                                              
  4  .1455   2.2670  -.6395  1.1558  0. 0.  0.                                                              
  0.  0.  0.  0.  0.  0.  0.00e+00  0.00e+00  0.00e+00  0.00e+00                                           
  1.                                                                                                       
  1  0.00e+00  0.00e+00  0.00e+00                                                                                                                           
  'QUADRUPO'                 Q5                                                                                                     
  2                                                                                                                                 
 50.  5.  -0.0858308597          Length, R0, B0                                                                                       
 0.00  0.                LAMBDA(ZGOUBI) = 2*RADIUS(RAYTRACE) <=> CHP FUIT ID.                                                      
 6  .1122 6.2671 -1.4982 3.5882 -2.1209 1.723                                                                                       
 0.00  0.                                                                                                                         
 6  .1122 6.2671 -1.4982 3.5882 -2.1209 1.723                                                                                       
 1.                                                                                                                                 
 1 0. 0. 0.                                                                                                                             
  'MULTIPOL'                  DRIFT 6                                                       
   2                                                                                                   
  125.2e+00  5.0e+00  0.00000001   0. 0. 0. 0. 0. 0. 0. 0. 0.                                
  0. 0.  1.00 1.00 1.00 1.00 1.00 1. 1. 1. 1.                                                              
  4  .1455   2.2670  -.6395  1.1558  0. 0.  0.                                                              
  0. 0.  1.00 1.00 1.00 1.00 1.00 1. 1. 1. 1.                                                              
  4  .1455   2.2670  -.6395  1.1558  0. 0.  0.                                                              
  0.  0.  0.  0.  0.  0.  0.00e+00  0.00e+00  0.00e+00  0.00e+00                                           
  1.                                                                                                       
  1  0.00e+00  0.00e+00  0.00e+00                                                                                     
  'MULTIPOL'                  BEND 1                                                        
   2                                                                                                   
  73.8e+00  5.0e+00  3.410645396   0. 0. 0. 0. 0. 0. 0. 0. 0.                                
  0. 0.  1.00 1.00 1.00 1.00 1.00 1. 1. 1. 1.                                                              
  4  .1455   2.2670  -.6395  1.1558  0. 0.  0.                                                              
  0. 0.  1.00 1.00 1.00 1.00 1.00 1. 1. 1. 1.                                                              
  4  .1455   2.2670  -.6395  1.1558  0. 0.  0.                                                              
  0.  0.  0.  0.  0.  0.  0.00e+00  0.00e+00  0.00e+00  0.00e+00                                           
  1.                                                                                                       
  3  0.00e+00  0.00e+00  -0.26179938    
   'MULTIPOL'                  DRIFT 7                                                       
   2                                                                                                   
  84.7e+00  5.0e+00  0.00000001   0. 0. 0. 0. 0. 0. 0. 0. 0.                                
  0. 0.  1.00 1.00 1.00 1.00 1.00 1. 1. 1. 1.                                                              
  4  .1455   2.2670  -.6395  1.1558  0. 0.  0.                                                              
  0. 0.  1.00 1.00 1.00 1.00 1.00 1. 1. 1. 1.                                                              
  4  .1455   2.2670  -.6395  1.1558  0. 0.  0.                                                              
  0.  0.  0.  0.  0.  0.  0.00e+00  0.00e+00  0.00e+00  0.00e+00                                           
  1.                                                                                                       
  1  0.00e+00  0.00e+00  0.00e+00  
  'QUADRUPO'                 Q6!!!!!!!!!!!!!!!!!!!!!!!!!!!!!!                                                                                                     
  2                                                                                                                                 
 50.  5.  0.45853569          Length, R0, B0   0.45853569                                                                                    
 0.0   0.                LAMBDA(ZGOUBI) = 2*RADIUS(RAYTRACE) <=> CHP FUIT ID.                                                      
 6  .1122 6.2671 -1.4982 3.5882 -2.1209 1.723                                                                                       
 0.0   0.                                                                                                                         
 6  .1122 6.2671 -1.4982 3.5882 -2.1209 1.723                                                                                       
 1.                                                                                                                                 
 1 0. 0. 0.        
   'MULTIPOL'                  DRIFT 8                                                       
   2                                                                                                   
  84.7e+00  5.0e+00  0.00000001   0. 0. 0. 0. 0. 0. 0. 0. 0.                                
  0. 0.  1.00 1.00 1.00 1.00 1.00 1. 1. 1. 1.                                                              
  4  .1455   2.2670  -.6395  1.1558  0. 0.  0.                                                              
  0. 0.  1.00 1.00 1.00 1.00 1.00 1. 1. 1. 1.                                                              
  4  .1455   2.2670  -.6395  1.1558  0. 0.  0.                                                              
  0.  0.  0.  0.  0.  0.  0.00e+00  0.00e+00  0.00e+00  0.00e+00                                           
  1.                                                                                                       
  1  0.00e+00  0.00e+00  0.00e+00   
  'MULTIPOL'                  BEND 2                                                        
   2                                                                                                   
  73.8e+00  5.0e+00  3.410645396   0. 0. 0. 0. 0. 0. 0. 0. 0.                                
  0. 0.  1.00 1.00 1.00 1.00 1.00 1. 1. 1. 1.                                                              
  4  .1455   2.2670  -.6395  1.1558  0. 0.  0.                                                              
  0. 0.  1.00 1.00 1.00 1.00 1.00 1. 1. 1. 1.                                                              
  4  .1455   2.2670  -.6395  1.1558  0. 0.  0.                                                              
  0.  0.  0.  0.  0.  0.  0.00e+00  0.00e+00  0.00e+00  0.00e+00                                           
  1.                                                                                                       
  3  0.00e+00  0.00e+00   -0.26179938      
    'MULTIPOL'                  DRIFT 9                                                       
   2                                                                                                   
  85.0e+00  5.0e+00  0.00000001   0. 0. 0. 0. 0. 0. 0. 0. 0.                                
  0. 0.  1.00 1.00 1.00 1.00 1.00 1. 1. 1. 1.                                                              
  4  .1455   2.2670  -.6395  1.1558  0. 0.  0.                                                              
  0. 0.  1.00 1.00 1.00 1.00 1.00 1. 1. 1. 1.                                                              
  4  .1455   2.2670  -.6395  1.1558  0. 0.  0.                                                              
  0.  0.  0.  0.  0.  0.  0.00e+00  0.00e+00  0.00e+00  0.00e+00                                           
  1.                                                                                                       
  1  0.00e+00  0.00e+00  0.00e+00    
  'QUADRUPO'                 Q7                                                                                                    
  2                                                                                                                                 
 50.  5.  -0.48358613          Length, R0, B0                                                                                       
 0.0  0.                LAMBDA(ZGOUBI) = 2*RADIUS(RAYTRACE) <=> CHP FUIT ID.                                                      
 6  .1122 6.2671 -1.4982 3.5882 -2.1209 1.723                                                                                       
 0.0   0.                                                                                                                         
 6  .1122 6.2671 -1.4982 3.5882 -2.1209 1.723                                                                                       
 1.                                                                                                                                 
 1 0. 0. 0.                 
    'MULTIPOL'                  DRIFT 10                                                       
   2                                                                                                   
  75.0e+00  5.0e+00  0.00000001   0. 0. 0. 0. 0. 0. 0. 0. 0.                                
  0. 0.  1.00 1.00 1.00 1.00 1.00 1. 1. 1. 1.                                                              
  4  .1455   2.2670  -.6395  1.1558  0. 0.  0.                                                              
  0. 0.  1.00 1.00 1.00 1.00 1.00 1. 1. 1. 1.                                                              
  4  .1455   2.2670  -.6395  1.1558  0. 0.  0.                                                              
  0.  0.  0.  0.  0.  0.  0.00e+00  0.00e+00  0.00e+00  0.00e+00                                           
  1.                                                                                                       
  1  0.00e+00  0.00e+00  0.00e+00    
   'QUADRUPO'                 Q8                                                                                                    
  2                                                                                                                                 
 50.  5.  0.58627239          Length, R0, B0                                                                                       
 0.0  0.                LAMBDA(ZGOUBI) = 2*RADIUS(RAYTRACE) <=> CHP FUIT ID.                                                      
 6  .1122 6.2671 -1.4982 3.5882 -2.1209 1.723                                                                                       
 0.0   0.                                                                                                                         
 6  .1122 6.2671 -1.4982 3.5882 -2.1209 1.723                                                                                       
 1.                                                                                                                                 
 1 0. 0. 0.                     
    'MULTIPOL'                  DRIFT 11                                                       
   2                                                                                                   
  89.0e+00  5.0e+00  0.00000001   0. 0. 0. 0. 0. 0. 0. 0. 0.                                
  0. 0.  1.00 1.00 1.00 1.00 1.00 1. 1. 1. 1.                                                              
  4  .1455   2.2670  -.6395  1.1558  0. 0.  0.                                                              
  0. 0.  1.00 1.00 1.00 1.00 1.00 1. 1. 1. 1.                                                              
  4  .1455   2.2670  -.6395  1.1558  0. 0.  0.                                                              
  0.  0.  0.  0.  0.  0.  0.00e+00  0.00e+00  0.00e+00  0.00e+00                                           
  1.                                                                                                       
  1  0.00e+00  0.00e+00  0.00e+00   

                                                                                   
 'END'                                                                                                                              